function y=e_charge
y=1.602176487e-19;
end