function y=epsilon0
y=8.854187817e-12;
end