function y=hbar
y=1.054571628e-34;
end