function y=k_B
y=1.3806504e-23;
end