function y=m_e
y=9.10938215e-31;
end