function y=mu_B()
y=9.27400915e-24;
end